66 27
68 47
72 59
73 63
74 52
80 70
94 266
101 319
108 324
115 417
118 474
125 467
122 429
114 415
106 337
102 277
100 247
96 298
97 292
98 293
92 221
89 133
84 62
82 75
81 56
79 70
87 105
91 233
90 177
83 90
85 71
99 280
105 386
128 416
124 458
120 483
123 473
133 424
147 510
139 335
149 443
142 357
131 410
121 490
116 456
119 474
129 409
107 310
95 314
93 245
103 302
104 339
111 328
117 519
127 463
157 558
163 546
161 565
156 513
135 431
130 456
132 371
134 406
137 350
138 358
140 316
141 368
143 363
145 423
144 452
151 471
153 487
155 482
160 560
70 39
75 56
88 115
113 337
110 354
78 70
109 331
112 411
162 475
136 354
146 484
148 495
77 66
76 66
126 546
150 515
152 482
154 487
158 523
159 536
86 94
164 567
166 503
71 24
165 474
169 584
170 520
168 527
172 553
173 518
175 567
167 528
171 559
174 504
176 537
177 526
180 453
179 504
182 472
183 404
178 502
181 469
184 373
185 410
187 404
188 428
190 350
186 353
189 380
191 308
193 341
192 302
194 339
196 291
195 303
198 233
197 275
199 267
201 256
202 267
203 264
205 269
200 272
204 283
208 277
206 242
207 282
209 262
212 246
211 202
210 219
213 199
215 281
216 229
217 212
219 243
214 224
220 248
218 241
221 259
222 253
223 264
224 280
225 253
226 302
227 290
228 308
230 355
229 298
231 328
232 368
233 347
234 393
235 387
236 339
237 387
238 354
239 352
240 406
241 418
242 395
243 442
244 500
245 442
246 498
247 447
248 503
249 489
250 557
251 796
252 840
253 1013
254 942
255 1402
57 23
62 19
11 47
35 51
37 53
53 23
6 32
19 48
43 27
59 21
51 28
36 46
3 25
61 22
30 41
31 52
39 28
42 29
41 35
44 40
47 29
60 24
50 26
9 46
26 42
14 37
0 345
28 39
52 23
54 20
40 30
56 27
63 17
49 24
45 38
48 28
64 17
13 42
34 38
33 52
8 50
27 40
21 45
20 55
12 40
5 29
18 49
25 48
55 29
65 13
32 39
46 23
24 59
17 46
10 37
23 46
16 41
4 31
15 45
69 20
7 44
29 36
67 17
2 29
22 45
1 24
38 32
58 23
