0 21205
2 2672
6 338
5 467
1 6457
7 293
8 249
9 189
12 137
4 621
3 1078
10 152
14 118
15 103
11 140
13 105
17 102
18 71
16 117
19 90
20 90
21 68
23 55
25 67
24 85
27 73
22 67
29 76
30 67
31 66
33 76
35 72
34 65
39 102
40 87
26 85
32 82
36 85
38 84
41 72
42 76
44 82
45 79
47 91
49 80
50 78
48 79
46 76
51 123
53 71
52 81
54 90
57 98
58 114
43 74
56 88
59 108
60 89
61 104
55 76
62 101
63 101
64 96
66 126
28 62
67 104
68 117
69 97
70 103
72 136
37 89
65 74
73 100
74 85
75 120
76 98
77 92
78 98
79 110
80 99
82 95
81 119
71 96
84 91
85 84
86 79
87 87
88 98
89 89
90 99
91 87
92 105
93 66
94 109
95 74
96 97
83 72
97 89
98 63
99 85
100 91
102 76
101 64
103 80
104 107
106 82
107 81
108 70
109 120
110 110
111 89
112 104
113 118
114 141
116 130
117 142
105 74
118 164
119 168
115 107
120 160
122 248
123 347
124 347
121 211
125 364
126 380
127 439
128 402
129 373
130 360
132 341
131 361
133 331
136 334
170 233
213 165
206 154
190 245
200 212
202 197
201 171
198 184
188 220
187 210
180 216
134 318
135 271
137 333
139 252
147 228
234 87
255 56
207 184
205 155
208 172
212 183
214 167
217 136
209 210
172 240
138 276
140 267
141 300
142 268
173 296
219 134
197 214
220 155
216 124
203 167
143 242
144 209
145 282
146 269
185 220
162 219
182 196
148 228
151 250
161 243
157 216
165 231
184 189
164 249
194 214
186 219
195 222
171 223
149 272
150 300
181 211
159 207
191 230
222 175
224 109
223 159
160 201
189 222
169 216
174 251
158 233
168 216
179 203
166 219
251 77
253 60
210 228
242 98
152 283
153 245
154 215
193 240
204 171
231 81
239 104
230 106
192 215
163 236
175 258
196 205
221 155
229 107
244 104
232 87
233 99
155 228
156 226
215 148
228 89
252 68
178 267
218 139
167 224
235 113
238 105
177 220
176 244
246 86
211 191
183 177
199 178
249 68
236 87
226 88
241 115
225 109
254 81
237 95
227 86
243 104
240 111
245 76
248 79
247 73
250 61
