1 221
2 102
0 95
3 69
15 118
20 136
23 153
25 159
28 157
32 148
30 169
27 153
24 165
26 157
17 142
13 153
7 61
5 48
6 50
12 189
9 81
11 148
10 142
18 117
37 180
33 173
48 310
61 317
52 249
53 222
43 121
40 222
49 274
41 175
36 189
38 216
47 251
14 184
16 146
19 106
21 134
22 136
29 183
31 184
34 190
35 190
39 157
42 166
45 186
50 315
54 215
46 199
44 135
51 289
55 248
56 256
57 316
59 322
60 328
58 330
4 63
8 107
62 270
63 317
64 344
65 310
66 266
67 214
69 209
70 192
71 224
68 208
73 226
74 284
72 218
75 259
76 243
77 227
78 217
79 191
80 214
81 233
83 273
82 278
84 315
85 298
86 277
87 250
88 196
89 235
90 227
91 227
92 183
93 185
94 212
95 218
96 257
97 234
98 311
99 234
100 318
101 286
102 325
103 289
104 360
106 342
105 290
108 416
107 371
109 379
110 399
111 403
112 423
113 400
114 448
115 479
116 469
117 630
118 580
119 646
120 713
121 769
122 688
123 707
124 724
125 751
126 730
127 691
128 742
129 689
130 703
131 684
132 659
133 689
134 746
135 689
136 747
137 697
138 716
139 660
140 646
141 645
142 675
144 622
143 694
145 618
146 648
147 671
148 697
149 667
150 595
151 525
153 425
152 566
154 426
155 414
156 377
158 327
157 351
159 307
160 280
162 290
161 307
163 323
164 289
165 283
166 273
167 283
169 306
168 320
170 322
171 334
172 350
173 340
174 339
175 288
176 297
177 312
178 332
179 290
180 299
181 262
182 266
183 269
184 262
185 254
186 258
187 230
188 246
189 275
190 285
191 333
192 332
193 262
194 233
195 227
196 231
197 211
198 224
199 258
200 268
201 275
202 223
203 241
204 208
205 210
206 190
209 146
207 173
208 132
214 48
223 63
226 49
210 97
213 62
227 56
248 113
212 69
216 55
211 69
217 65
215 42
229 72
221 89
219 73
218 54
224 68
222 71
234 82
225 64
238 132
245 128
241 100
236 107
228 66
232 80
235 98
244 110
246 118
247 127
220 65
255 147
249 98
251 71
233 92
240 107
230 74
231 73
250 83
254 109
237 120
242 109
243 117
239 112
253 82
252 85
