183 2021
182 780
184 4111
185 4436
181 290
186 2953
178 249
188 3360
192 2909
198 1589
187 1875
195 3083
196 4385
200 2897
194 2978
205 2179
201 2781
199 2841
202 2407
207 3240
208 4014
211 2346
210 3128
213 4663
215 1426
209 4677
214 4541
212 3688
219 4132
216 5026
217 3174
223 5014
218 4150
221 4536
224 4488
225 3836
226 3339
227 5733
229 6338
234 5092
235 4879
230 2655
233 5671
239 4484
236 4747
237 4624
240 3327
241 3988
243 4927
246 4334
248 7842
254 5375
253 5272
255 13034
251 6316
180 266
189 3108
190 2866
193 2871
197 2202
191 2129
206 2520
220 3619
231 3146
228 4629
232 4503
238 6225
244 7254
242 5121
249 6976
250 8104
252 4416
203 5086
204 3992
222 3831
245 6953
247 6814
132 449
179 262
177 251
161 243
153 236
175 218
170 209
162 244
154 245
176 233
173 218
174 223
165 263
163 248
135 333
169 234
172 223
171 199
166 232
158 246
159 223
95 786
168 208
164 216
157 260
140 242
83 894
160 232
122 601
109 772
155 244
156 229
100 814
167 222
151 240
149 234
101 782
147 237
124 596
146 242
150 226
152 254
136 303
148 227
145 258
141 234
143 250
144 249
130 454
137 297
142 261
133 400
138 268
139 257
127 525
131 442
116 708
128 497
119 673
106 808
114 723
92 811
90 842
134 357
82 910
78 982
108 710
81 879
48 1060
85 874
94 826
69 1037
53 1036
79 949
64 1017
73 981
76 986
61 1041
104 756
113 721
112 694
121 591
71 1019
62 960
60 1044
88 890
47 1030
49 986
54 1079
91 849
51 1101
58 1062
59 1020
52 1035
87 902
70 981
37 1007
72 967
67 1026
111 778
55 1059
75 971
99 793
97 796
115 704
120 615
118 672
125 566
123 582
129 546
89 819
43 1097
105 760
107 724
126 550
35 1127
34 1132
46 1017
68 995
44 1028
66 968
38 1078
36 1089
98 834
96 791
39 1069
57 1034
117 691
10 693
80 939
63 1001
41 1052
56 1004
102 774
50 1035
42 1098
110 709
65 958
32 1196
84 898
74 928
28 1085
103 742
33 1113
24 1106
30 1118
86 892
45 1009
31 1114
17 938
27 1095
22 1057
26 1153
77 956
93 840
20 1053
23 1096
40 1025
19 1016
29 1150
25 1115
21 1033
18 971
3 404
15 876
16 937
8 626
13 829
7 571
12 751
6 544
0 2326
11 720
14 826
2 385
5 514
4 434
9 629
1 355
