65 748
66 2425
67 1038
69 1559
68 1028
64 206
71 2018
75 1436
79 2078
84 373
80 2185
94 3093
85 3023
86 1694
96 3137
98 582
100 2865
99 2459
102 1473
103 1542
92 1843
97 3135
105 1613
101 2041
107 2212
108 2881
106 1704
110 745
117 2305
125 2775
121 949
120 2880
119 2693
129 1811
131 1745
135 2080
140 1481
142 2521
147 2320
145 2045
141 2609
143 2815
144 2095
146 2633
150 1783
153 3159
154 2135
149 3084
161 2198
157 2755
158 2088
166 2174
170 2996
173 1669
177 3218
174 2957
175 2492
184 3592
188 3123
194 3254
198 2383
196 2413
199 2425
201 2541
206 2772
203 2746
202 3208
204 2476
207 2799
205 2795
208 2577
211 2224
219 3243
215 2139
221 3408
224 2292
226 3079
229 2736
232 1521
237 1230
250 1247
255 8107
254 2399
253 1537
252 1214
70 2168
81 3028
82 456
83 3021
93 541
104 2282
95 605
109 3121
114 2677
115 1333
126 2804
132 2383
133 2060
136 2169
152 2262
148 3044
156 2692
159 2771
163 1550
168 3179
172 3371
176 2288
179 2610
180 2641
189 2090
214 2965
220 2058
222 2975
218 2634
225 2179
235 1334
247 806
248 962
243 1191
244 1314
251 1114
72 2410
77 2743
87 1175
88 2448
112 3090
118 2964
138 2913
139 2859
151 2992
155 2721
162 2726
169 2806
171 2244
185 2172
186 2695
191 2161
190 2658
195 2744
200 2973
209 2307
213 2274
216 2766
223 1995
228 2046
238 1233
239 1260
233 2196
249 989
76 2360
78 1750
89 1120
91 2466
113 1641
116 1639
127 1650
137 2158
160 3145
164 2215
182 2521
187 2126
217 2938
230 2262
231 1791
234 1589
242 1190
73 2357
74 1782
90 3034
111 1938
124 2163
123 2121
134 2439
130 2683
165 3733
178 2188
181 2008
193 2831
197 3351
128 3074
167 2836
245 1197
183 2235
227 2689
122 3259
192 2270
236 1277
210 2700
212 3009
240 1241
241 1204
246 923
56 196
45 151
29 119
0 41
35 121
46 148
17 104
42 128
41 140
26 102
22 97
23 94
10 75
58 163
25 118
34 121
40 137
61 193
32 119
27 105
28 128
21 101
1 10
37 122
51 178
43 127
47 154
53 161
31 100
24 107
15 109
36 128
48 152
38 128
30 112
44 144
33 122
19 102
13 87
8 46
18 98
12 97
14 103
2 12
20 98
3 12
11 79
5 22
9 51
7 37
16 82
6 40
52 167
4 17
39 103
60 189
54 173
62 218
63 208
49 173
50 191
59 219
57 195
55 204
