6 18491
7 47238
8 19756
10 1573
9 1990
4 65
14 2368
17 231
23 1258
30 2326
27 1427
41 996
33 645
37 1175
46 1705
50 1254
51 1276
54 1267
53 1319
55 1253
43 684
47 985
49 2099
56 654
52 1833
58 1378
57 1337
61 1348
60 1948
64 2040
72 1204
83 1632
78 1637
80 1943
81 1650
88 2171
92 1856
99 1668
102 1108
103 1229
105 1687
112 1711
110 1153
106 1537
111 2224
116 1731
121 1266
123 1758
118 2224
115 1744
122 2282
131 2263
127 2106
129 1286
135 1517
139 1431
145 1704
147 1346
150 1643
151 2042
152 1858
155 1739
163 1649
166 2197
175 1137
178 1363
180 2328
183 1490
185 1249
190 1406
187 2340
186 1526
189 1393
191 875
192 1138
194 2318
199 1234
207 899
203 1516
210 915
215 867
218 933
223 766
226 611
233 509
249 787
255 12572
250 907
253 2000
254 3343
252 1472
11 1337
18 1911
21 1351
25 1401
29 1095
48 936
45 1494
62 772
68 1031
69 2003
76 928
84 1014
87 1051
93 1977
97 1152
98 1567
117 1181
114 1749
109 1295
119 1716
120 1143
124 1837
132 1959
134 2210
137 1894
141 2262
158 1770
167 1808
170 1771
174 1455
182 1028
188 1008
197 1196
202 1321
208 1290
206 1363
217 886
229 694
245 517
247 612
240 466
241 508
251 1055
12 2161
13 947
26 1281
34 811
35 1176
40 1711
63 795
73 1579
77 2131
90 1647
94 1686
104 1613
101 2084
107 1772
125 1313
126 2399
130 1841
142 1772
143 2054
146 1737
156 1470
162 1610
165 1359
169 2097
171 1902
184 2266
195 2017
204 1387
222 768
230 734
235 577
227 753
246 563
19 971
20 1577
24 373
38 1228
59 773
66 1465
70 1483
74 1606
79 1516
86 1696
96 2745
100 1619
108 2077
128 1333
133 1431
138 1847
144 1443
149 1585
153 1599
154 1592
164 1319
168 1794
193 1492
200 939
205 1116
211 962
214 921
216 941
220 855
237 437
16 334
31 732
82 1860
91 1127
95 1147
113 1685
157 1450
179 1516
198 1264
201 1573
221 858
231 983
242 497
28 721
85 1651
136 2010
148 2083
172 1398
177 1441
181 986
219 850
65 1338
71 2519
75 987
89 1061
159 1748
176 1809
209 953
15 1119
161 1457
196 1121
213 1060
228 811
212 1175
225 722
239 480
22 1658
42 1214
67 1948
244 507
5 1379
32 1335
140 1304
238 478
234 577
243 486
248 704
39 1237
232 648
236 516
44 943
224 734
173 1549
160 2211
36 1090
3 50
0 86
1 17
2 32
