34 8914
33 8638
32 7160
31 6012
30 5359
35 7795
37 6447
36 6759
29 4895
28 4551
27 4379
41 6082
38 6232
40 6135
39 6002
26 4156
42 6184
25 4071
24 3858
132 3813
149 2905
116 3467
102 3840
115 3479
95 4222
60 5568
47 6102
56 5722
63 5460
59 5560
66 5199
93 4208
85 4501
46 6112
44 6091
87 4458
97 4314
91 4305
107 3823
131 3879
81 4689
105 3820
83 4631
94 4276
139 3271
112 3513
137 3412
151 2803
117 3673
74 4874
69 5305
72 5092
126 4506
76 5041
43 6170
51 5900
53 5842
57 5669
58 5602
84 4537
61 5416
68 5152
75 4877
62 5345
50 6091
65 5286
45 6145
48 5958
88 4530
99 4038
82 4661
49 5901
70 5044
129 4032
204 1558
233 891
224 1142
162 2198
86 4589
118 3829
22 3691
136 3508
54 5595
55 5782
140 3201
77 4943
52 5767
71 5158
79 4881
114 3437
101 3941
64 5165
108 3790
143 3087
73 5077
92 4272
67 5214
89 4493
128 4199
135 3619
158 2426
124 4797
188 1947
180 1987
167 2140
157 2554
165 2167
170 2076
152 2760
177 1914
179 1942
195 1721
190 1940
189 1977
197 1623
193 1796
198 1589
202 1509
201 1544
206 1443
208 1546
209 1611
207 1566
196 1677
200 1623
199 1577
194 1765
210 1731
212 1899
215 2237
217 2092
218 2089
220 1732
221 1449
222 1340
223 1180
226 1081
225 1041
229 921
227 1006
230 959
231 899
228 983
216 2176
211 1825
182 1940
214 2109
213 2014
203 1480
205 1486
219 1925
232 840
187 1995
164 2289
153 2625
138 3351
127 4312
119 4113
121 4845
123 4807
147 2811
171 1965
183 1960
181 1936
159 2415
161 2337
172 1980
192 1843
174 1952
176 2013
184 1915
178 1925
169 2028
186 1935
173 1985
168 2019
148 2873
145 2973
156 2594
160 2345
155 2614
150 2855
146 2940
141 3213
144 3122
154 2614
175 1996
185 1911
191 1858
133 3613
134 3641
125 4669
130 3953
122 4763
166 2167
163 2342
120 4587
142 3145
234 758
235 791
113 3520
109 3593
78 4787
100 4051
98 4222
103 3835
110 3552
106 3818
14 3234
17 3309
80 4761
90 4343
18 3316
16 3190
111 3606
19 3423
23 3702
13 3124
96 4155
21 3541
236 709
237 653
104 3920
11 3227
238 582
239 510
241 473
242 429
240 449
15 3117
7 3572
10 3133
243 457
20 3389
12 3151
2 2993
245 442
4 4510
6 3957
246 417
5 4096
244 425
247 368
8 3421
1 1781
9 3288
0 1418
254 333
248 365
255 1306
253 337
249 356
251 376
250 366
252 353
3 3775
