38 4261
37 4606
34 7055
33 7249
32 6383
36 4956
35 5902
31 5816
29 5354
26 5273
28 5384
30 5611
41 3670
39 3879
40 3769
24 5505
25 5370
27 5198
43 3468
42 3666
22 5532
21 5727
16 6701
44 3410
23 5619
20 5963
45 3214
18 6049
19 6116
17 6341
134 2556
154 2409
121 2433
107 2700
117 2583
97 2786
59 2831
47 3272
52 2990
50 3068
57 2856
86 3235
95 2860
75 3036
9 9295
12 7906
82 3571
96 2883
93 2842
99 2707
113 2515
137 2461
103 2677
87 3025
112 2538
111 2542
92 2943
104 2788
149 2375
122 2509
124 2610
139 2512
151 2445
76 3396
73 2678
74 2759
91 2866
46 3275
65 2672
64 2715
48 3244
55 2871
60 2758
69 2725
67 2622
71 2620
84 3362
100 2741
77 3348
123 2545
208 1652
246 344
237 534
167 2205
68 2585
81 3707
70 2693
53 2973
126 2485
80 3830
125 2529
58 2740
49 3046
66 2629
83 3401
85 3261
90 2946
56 2914
165 2209
155 2361
72 2653
63 2772
161 2355
102 2738
157 2437
61 2777
135 2605
195 1585
183 1851
160 2345
159 2217
150 2454
176 1975
173 2158
189 1719
184 1939
187 1826
198 1494
197 1513
191 1610
196 1553
200 1476
202 1461
206 1559
205 1458
204 1462
192 1600
193 1633
199 1494
194 1550
203 1510
207 1590
212 2124
214 2136
216 1735
217 1545
219 1411
220 1397
221 1234
222 1142
223 1188
225 1107
224 1053
228 1038
226 1083
227 1053
229 1082
213 2188
182 1839
211 2024
215 2011
210 1874
209 1746
188 1789
201 1484
218 1449
230 985
231 902
186 1891
180 1889
166 2230
146 2513
132 2509
105 2664
101 2734
109 2663
127 2556
136 2520
144 2409
158 2374
168 2271
181 1935
185 1944
172 2076
163 2335
164 2288
148 2346
175 2015
190 1672
179 1997
170 2057
174 2036
171 2115
162 2295
153 2400
145 2375
177 2020
142 2516
156 2275
152 2447
147 2390
143 2484
130 2501
131 2541
129 2550
133 2497
138 2439
128 2567
140 2476
169 2171
178 1933
119 2524
110 2621
108 2609
106 2580
114 2525
115 2586
98 2866
120 2506
94 2944
118 2464
234 674
235 577
233 675
232 818
13 7585
4 13570
54 2946
15 6889
89 2983
51 3074
79 3874
10 8786
14 7217
5 12369
88 3018
11 8247
62 2746
141 2384
116 2509
78 3699
1 13952
3 14442
8 10140
6 11562
7 10804
0 74698
238 456
236 523
241 425
242 430
239 471
2 14769
240 447
255 1253
243 400
247 322
252 285
244 390
249 305
250 301
251 289
248 314
245 363
253 263
254 246
