35 6703
34 7286
33 6929
32 6629
36 6580
40 5399
31 6166
29 5792
28 5448
37 5963
41 5117
39 5641
38 5770
30 5974
26 5404
24 5464
42 5101
25 5476
27 5482
44 5103
43 5152
46 5151
45 5127
47 5234
48 5163
23 5690
51 5018
54 4713
52 4935
50 5061
55 4776
56 4679
49 5057
53 4853
58 4507
60 4422
59 4491
57 4521
61 4434
135 2232
153 1802
120 2615
108 2577
100 2697
65 4079
67 4082
64 4256
73 3520
101 2693
110 2707
94 2878
91 2816
96 2854
97 2732
111 2700
85 3104
119 2667
107 2631
84 3046
93 2794
138 2239
113 2633
116 2630
79 3201
76 3442
77 3407
98 2771
126 2475
124 2488
74 3574
63 4235
83 3132
66 4141
75 3481
70 3918
78 3314
89 2927
95 2812
105 2802
195 1394
225 2457
218 1414
158 1706
69 3941
92 2822
121 2562
87 2982
146 1946
137 2278
88 2845
81 3124
103 2738
150 1926
145 2022
102 2778
71 3732
123 2509
159 1608
133 2347
160 1584
142 2004
204 1281
199 1367
186 2092
178 3517
187 1934
192 1567
173 1601
197 1362
198 1342
209 1326
202 1310
211 1265
205 1235
210 1343
215 1284
217 1403
216 1326
214 1362
208 1313
213 1335
212 1301
207 1370
206 1310
220 1758
222 2445
223 2498
224 2601
227 1765
226 2174
228 1638
231 1255
229 1488
230 1398
233 991
201 1311
221 2016
219 1599
234 894
188 1836
180 4317
167 1419
156 1651
149 1911
151 1786
165 1545
170 1424
175 1991
181 3820
196 1442
200 1286
183 2836
190 1774
184 2558
179 4125
194 1506
189 1700
185 2327
191 1640
172 1602
176 2315
169 1379
182 3186
177 2824
174 1756
168 1451
163 1505
166 1449
171 1455
193 1557
203 1280
162 1503
157 1682
154 1714
164 1518
161 1661
155 1680
148 1868
232 1139
235 764
238 541
239 494
237 575
143 1980
127 2436
80 3145
90 2855
82 3083
72 3694
99 2790
106 2657
125 2458
136 2361
144 2051
109 2557
131 2342
114 2669
19 6150
22 5727
62 4251
86 2932
104 2822
147 1983
140 2156
128 2530
152 1794
236 687
122 2543
132 2404
129 2409
141 2177
117 2619
130 2427
115 2653
240 359
118 2636
112 2660
139 2136
68 3905
241 385
134 2322
21 5979
20 6027
242 305
243 285
14 6958
15 6825
0 52645
253 66
245 184
244 241
6 9025
11 7428
17 6512
16 6411
13 7287
18 6175
10 7831
250 123
3 10419
247 141
255 229
251 101
254 28
246 190
248 145
12 7420
252 58
249 102
9 8346
8 8244
4 9727
2 10383
7 8678
1 9780
5 9220
